> source('~/Dokumenty/APU/3/3.r', echo=TRUE)

> if (!require("neuralnet")){ install.packages("neuralnet"); library("neuralnet")}

> f1 <- function(x){
+   x ^ 3 + 2 * x
+ }

> x <- seq(1,20)

> y <- sapply(x, f1)

> df <- data.frame(x,y)

> xs <- scale(x, center = F)

> ys <- scale(y, center = F)

> dfs <- data.frame(xs,ys)

> xsu <- xs * attr(xs, 'scaled:scale')

> nn <- neuralnet(ys~xs, data=dfs, hidden=c(10,20,10,5), rep=2, linear.output = T, threshold = 0.000001)

> plot(nn, rep="best", file="nn.png")

> dev.print(pdf, "nn.pdf")
RStudioGD 
        2 

> test <- data.frame(x = seq(1,100))

> tests <- data.frame(xs = test$x / attr(xs, 'scaled:scale'))

> results <- compute(nn, tests)

> results$net.result
               [,1]
  [1,] 0.0009766033
  [2,] 0.0033217975
  [3,] 0.0096696143
  [4,] 0.0213431232
  [5,] 0.0399041333
  [6,] 0.0671265489
  [7,] 0.1049197362
  [8,] 0.1552057260
  [9,] 0.2197936623
 [10,] 0.3003318638
 [11,] 0.3983974253
 [12,] 0.5156761757
 [13,] 0.6540729962
 [14,] 0.8156129643
 [15,] 1.0021605296
 [16,] 1.2151839676
 [17,] 1.4559704803
 [18,] 1.7265672417
 [19,] 2.0301545614
 [20,] 2.3661438552
 [21,] 2.7165037760
 [22,] 3.0384717299
 [23,] 3.2896683976
 [24,] 3.4602910868
 [25,] 3.5677952581
 [26,] 3.6344224980
 [27,] 3.6765094534
 [28,] 3.7040291376
 [29,] 3.7227201123
 [30,] 3.7358724734
 [31,] 3.7454139650
 [32,] 3.7525115626
 [33,] 3.7578976674
 [34,] 3.7620485827
 [35,] 3.7652844557
 [36,] 3.7678269296
 [37,] 3.7698334879
 [38,] 3.7714185832
 [39,] 3.7726670427
 [40,] 3.7736428204
 [41,] 3.7743948620
 [42,] 3.7749611277
 [43,] 3.7753714118
 [44,] 3.7756493543
 [45,] 3.7758139015
 [46,] 3.7758803828
 [47,] 3.7758613149
 [48,] 3.7757670097
 [49,] 3.7756060396
 [50,] 3.7753855969
 [51,] 3.7751117732
 [52,] 3.7747897802
 [53,] 3.7744241231
 [54,] 3.7740187395
 [55,] 3.7735771098
 [56,] 3.7731023462
 [57,] 3.7725972642
 [58,] 3.7720644401
 [59,] 3.7715062569
 [60,] 3.7709249413
 [61,] 3.7703225933
 [62,] 3.7697012091
 [63,] 3.7690626991
 [64,] 3.7684089019
 [65,] 3.7677415943
 [66,] 3.7670624983
 [67,] 3.7663732867
 [68,] 3.7656755851
 [69,] 3.7649709741
 [70,] 3.7642609889
 [71,] 3.7635471184
 [72,] 3.7628308039
 [73,] 3.7621134372
 [74,] 3.7613963578
 [75,] 3.7606808507
 [76,] 3.7599681440
 [77,] 3.7592594064
 [78,] 3.7585557454
 [79,] 3.7578582048
 [80,] 3.7571677640
 [81,] 3.7564853363
 [82,] 3.7558117681
 [83,] 3.7551478392
 [84,] 3.7544942622
 [85,] 3.7538516831
 [86,] 3.7532206828
 [87,] 3.7526017772
 [88,] 3.7519954197
 [89,] 3.7514020028
 [90,] 3.7508218597
 [91,] 3.7502552673
 [92,] 3.7497024483
 [93,] 3.7491635741
 [94,] 3.7486387674
 [95,] 3.7481281051
 [96,] 3.7476316211
 [97,] 3.7471493097
 [98,] 3.7466811279
 [99,] 3.7462269987
[100,] 3.7457868141

> data.frame(predicted = results$net.result * attr(ys, 'scaled:scale'), actual = sapply(seq(1,100), f1))
       predicted  actual
1       3.318319       3
2      11.286858      12
3      32.855573      33
4      72.520011      72
5     135.586914     135
6     228.083681     228
7     356.497988     357
8     527.360543     528
9     746.818484     747
10   1020.472496    1020
11   1353.681258    1353
12   1752.172905    1752
13   2222.419875    2223
14   2771.303008    2772
15   3405.157363    3405
16   4128.971869    4128
17   4947.120201    4947
18   5866.558282    5868
19   6898.092220    6897
20   8039.722112    8040
21   9230.180755    9303
22  10324.168711   10692
23  11177.688838   12213
24  11757.433389   13872
25  12122.712812   15675
26  12349.099933   17628
27  12492.103675   19737
28  12585.610506   22008
29  12649.119004   24447
30  12693.808311   27060
31  12726.228546   29853
32  12750.344879   32832
33  12768.645873   36003
34  12782.749921   39372
35  12793.744823   42945
36  12802.383682   46728
37  12809.201599   50727
38  12814.587461   54948
39  12818.829497   59397
40  12822.145011   64080
41  12824.700310   69003
42  12826.624377   74172
43  12828.018447   79593
44  12828.962844   85272
45  12829.521945   91215
46  12829.747837   97428
47  12829.683047  103917
48  12829.362616  110688
49  12828.815669  117747
50  12828.066645  125100
51  12827.136242  132753
52  12826.042169  140712
53  12824.799734  148983
54  12823.422315  157572
55  12821.921738  166485
56  12820.308579  175728
57  12818.592403  185307
58  12816.781964  195228
59  12814.885360  205497
60  12812.910157  216120
61  12810.863489  227103
62  12808.752139  238452
63  12806.582600  250173
64  12804.361117  262272
65  12802.093728  274755
66  12799.786285  287628
67  12797.444471  300897
68  12795.073809  314568
69  12792.679670  328647
70  12790.267271  343140
71  12787.841670  358053
72  12785.407765  373392
73  12782.970285  389163
74  12780.533781  405372
75  12778.102619  422025
76  12775.680972  439128
77  12773.272813  456687
78  12770.881902  474708
79  12768.511787  493197
80  12766.165796  512160
81  12763.847032  531603
82  12761.558371  551532
83  12759.302462  571953
84  12757.081728  592872
85  12754.898362  614295
86  12752.754339  636228
87  12750.651411  658677
88  12748.591120  681648
89  12746.574798  705147
90  12744.603579  729180
91  12742.678402  753753
92  12740.800025  778872
93  12738.969029  804543
94  12737.185832  830772
95  12735.450695  857565
96  12733.763734  884928
97  12732.124929  912867
98  12730.534133  941388
99  12728.991085  970497
100 12727.495419 1000200